0 1 0.0791812 0->1
0 1 1.33445 0->2->4->1
0 1 2.81157 0->5->2->4->1
0 1 3.58973 0->9->5->2->4->1
0 1 5.14603 0->9->6->11->5->2->4->1
0 2 0.0791812 0->2
0 2 1.5563 0->5->2
0 2 1.63548 0->1->5->2
0 2 1.98767 0->1->4->9->5->2
0 2 2.33445 0->9->5->2
0 2 2.58973 0->1->3->9->5->2
0 2 3.19179 0->1->6->11->5->2
0 2 3.54397 0->1->4->9->6->11->5->2
0 2 3.89076 0->9->6->11->5->2
0 2 4.14603 0->1->3->9->6->11->5->2
0 5 0.380211 0->2->5
0 5 0.778151 0->5
0 5 0.857332 0->1->5
0 5 1.20951 0->1->4->9->5
0 5 1.33445 0->2->11->5
0 5 1.51054 0->2->4->9->5
0 5 1.5563 0->9->5
0 5 1.81157 0->1->3->9->5
0 5 1.93651 0->2->6->11->5
0 5 2.1126 0->2->4->1->5
0 5 2.1126 0->2->3->9->5
0 5 2.41363 0->1->6->11->5
0 5 2.76582 0->1->4->9->6->11->5
0 5 3.06685 0->2->4->9->6->11->5
0 5 3.06685 0->2->4->1->3->9->5
0 5 3.1126 0->9->6->11->5
0 5 3.36788 0->1->3->9->6->11->5
0 5 3.66891 0->2->3->9->6->11->5
0 5 3.66891 0->2->4->1->6->11->5
0 5 4.62315 0->2->4->1->3->9->6->11->5
0 9 0.431363 0->1->4->9
0 9 0.732393 0->2->4->9
0 9 0.778151 0->9
0 9 1.03342 0->1->3->9
0 9 1.33445 0->2->3->9
0 9 2.20951 0->5->2->4->9
0 9 2.2887 0->2->4->1->3->9
0 9 2.2887 0->1->5->2->4->9
0 9 2.81157 0->5->2->3->9
0 9 2.89076 0->1->5->2->3->9
0 9 3.76582 0->5->2->4->1->3->9
0 9 3.845 0->1->6->11->5->2->4->9
0 9 4.44706 0->1->6->11->5->2->3->9
0 3 0.255272 0->1->3
0 3 0.556302 0->2->3
0 3 1.51054 0->2->4->1->3
0 3 2.03342 0->5->2->3
0 3 2.1126 0->1->5->2->3
0 3 2.46479 0->1->4->9->5->2->3
0 3 2.81157 0->9->5->2->3
0 3 2.98767 0->5->2->4->1->3
0 3 3.66891 0->1->6->11->5->2->3
0 3 3.76582 0->9->5->2->4->1->3
0 3 4.02109 0->1->4->9->6->11->5->2->3
0 3 4.36788 0->9->6->11->5->2->3
0 3 5.32212 0->9->6->11->5->2->4->1->3
0 4 0.255272 0->1->4
0 4 0.556302 0->2->4
0 4 2.03342 0->5->2->4
0 4 2.1126 0->1->5->2->4
0 4 2.81157 0->9->5->2->4
0 4 3.06685 0->1->3->9->5->2->4
0 4 3.66891 0->1->6->11->5->2->4
0 4 4.36788 0->9->6->11->5->2->4
0 4 4.62315 0->1->3->9->6->11->5->2->4
0 6 0.380211 0->2->6
0 6 0.857332 0->1->6
0 6 1.15836 0->2->5->6
0 6 1.20951 0->1->4->9->6
0 6 1.51054 0->2->4->9->6
0 6 1.5563 0->5->6
0 6 1.5563 0->9->6
0 6 1.63548 0->1->5->6
0 6 1.81157 0->1->3->9->6
0 6 1.85733 0->5->2->6
0 6 1.93651 0->1->5->2->6
0 6 1.98767 0->1->4->9->5->6
0 6 2.1126 0->2->4->1->6
0 6 2.1126 0->2->3->9->6
0 6 2.1126 0->2->11->5->6
0 6 2.2887 0->2->4->9->5->6
0 6 2.2887 0->1->4->9->5->2->6
0 6 2.33445 0->9->5->6
0 6 2.58973 0->1->3->9->5->6
0 6 2.63548 0->9->5->2->6
0 6 2.89076 0->2->4->1->5->6
0 6 2.89076 0->2->3->9->5->6
0 6 2.89076 0->1->3->9->5->2->6
0 6 2.98767 0->5->2->4->9->6
0 6 3.06685 0->1->5->2->4->9->6
0 6 3.06685 0->2->4->1->3->9->6
0 6 3.58973 0->5->2->4->1->6
0 6 3.58973 0->5->2->3->9->6
0 6 3.66891 0->1->5->2->3->9->6
0 6 3.845 0->2->4->1->3->9->5->6
0 6 4.36788 0->9->5->2->4->1->6
0 6 4.54397 0->5->2->4->1->3->9->6
0 11 0.556302 0->2->11
0 11 0.556302 0->2->5->11
0 11 0.954242 0->5->11
0 11 1.03342 0->1->5->11
0 11 1.15836 0->2->6->11
0 11 1.38561 0->1->4->9->5->11
0 11 1.63548 0->1->6->11
0 11 1.68664 0->2->4->9->5->11
0 11 1.73239 0->9->5->11
0 11 1.93651 0->2->5->6->11
0 11 1.98767 0->1->4->9->6->11
0 11 1.98767 0->1->3->9->5->11
0 11 2.03342 0->5->2->11
0 11 2.1126 0->1->5->2->11
0 11 2.2887 0->2->3->9->5->11
0 11 2.2887 0->2->4->9->6->11
0 11 2.2887 0->2->4->1->5->11
0 11 2.33445 0->9->6->11
0 11 2.33445 0->5->6->11
0 11 2.41363 0->1->5->6->11
0 11 2.46479 0->1->4->9->5->2->11
0 11 2.58973 0->1->3->9->6->11
0 11 2.63548 0->5->2->6->11
0 11 2.71466 0->1->5->2->6->11
0 11 2.76582 0->1->4->9->5->6->11
0 11 2.81157 0->9->5->2->11
0 11 2.89076 0->2->3->9->6->11
0 11 2.89076 0->2->4->1->6->11
0 11 3.06685 0->2->4->9->5->6->11
0 11 3.06685 0->1->3->9->5->2->11
0 11 3.06685 0->1->4->9->5->2->6->11
0 11 3.1126 0->9->5->6->11
0 11 3.24294 0->2->4->1->3->9->5->11
0 11 3.36788 0->1->3->9->5->6->11
0 11 3.41363 0->9->5->2->6->11
0 11 3.66891 0->2->3->9->5->6->11
0 11 3.66891 0->2->4->1->5->6->11
0 11 3.66891 0->1->3->9->5->2->6->11
0 11 3.76582 0->5->2->4->9->6->11
0 11 3.845 0->1->5->2->4->9->6->11
0 11 3.845 0->2->4->1->3->9->6->11
0 11 4.36788 0->5->2->4->1->6->11
0 11 4.36788 0->5->2->3->9->6->11
0 11 4.44706 0->1->5->2->3->9->6->11
0 11 4.62315 0->2->4->1->3->9->5->6->11
0 11 5.14603 0->9->5->2->4->1->6->11
0 11 5.32212 0->5->2->4->1->3->9->6->11
0 12 0.681241 0->2->5->12
0 12 0.857332 0->2->12
0 12 1.07918 0->5->12
0 12 1.15836 0->2->6->12
0 12 1.15836 0->1->5->12
0 12 1.33445 0->2->5->11->12
0 12 1.33445 0->2->11->12
0 12 1.51054 0->1->4->9->5->12
0 12 1.63548 0->2->11->5->12
0 12 1.63548 0->1->6->12
0 12 1.73239 0->5->11->12
0 12 1.81157 0->1->5->11->12
0 12 1.81157 0->2->4->9->5->12
0 12 1.85733 0->9->5->12
0 12 1.93651 0->2->6->11->12
0 12 1.93651 0->2->5->6->12
0 12 1.98767 0->1->4->9->6->12
0 12 2.1126 0->1->3->9->5->12
0 12 2.16376 0->1->4->9->5->11->12
0 12 2.23754 0->2->6->11->5->12
0 12 2.2887 0->2->4->9->6->12
0 12 2.33445 0->5->2->12
0 12 2.33445 0->9->6->12
0 12 2.33445 0->5->6->12
0 12 2.41363 0->1->6->11->12
0 12 2.41363 0->1->5->2->12
0 12 2.41363 0->2->4->1->5->12
0 12 2.41363 0->2->3->9->5->12
0 12 2.41363 0->1->5->6->12
0 12 2.46479 0->2->4->9->5->11->12
0 12 2.51054 0->9->5->11->12
0 12 2.58973 0->1->3->9->6->12
0 12 2.63548 0->5->2->6->12
0 12 2.71466 0->2->5->6->11->12
0 12 2.71466 0->1->6->11->5->12
0 12 2.71466 0->1->5->2->6->12
0 12 2.76582 0->1->4->9->6->11->12
0 12 2.76582 0->1->3->9->5->11->12
0 12 2.76582 0->1->4->9->5->2->12
0 12 2.76582 0->1->4->9->5->6->12
0 12 2.81157 0->5->2->11->12
0 12 2.89076 0->2->11->5->6->12
0 12 2.89076 0->2->4->1->6->12
0 12 2.89076 0->2->3->9->6->12
0 12 2.89076 0->1->5->2->11->12
0 12 3.06685 0->2->4->1->5->11->12
0 12 3.06685 0->2->3->9->5->11->12
0 12 3.06685 0->2->4->9->6->11->12
0 12 3.06685 0->2->4->9->5->6->12
0 12 3.06685 0->1->4->9->6->11->5->12
0 12 3.06685 0->1->4->9->5->2->6->12
0 12 3.1126 0->9->6->11->12
0 12 3.1126 0->5->6->11->12
0 12 3.1126 0->9->5->2->12
0 12 3.1126 0->9->5->6->12
0 12 3.19179 0->1->5->6->11->12
0 12 3.24294 0->1->4->9->5->2->11->12
0 12 3.36788 0->2->4->1->3->9->5->12
0 12 3.36788 0->1->3->9->6->11->12
0 12 3.36788 0->1->3->9->5->2->12
0 12 3.36788 0->2->4->9->6->11->5->12
0 12 3.36788 0->1->3->9->5->6->12
0 12 3.41363 0->5->2->6->11->12
0 12 3.41363 0->9->6->11->5->12
0 12 3.41363 0->9->5->2->6->12
0 12 3.49282 0->1->5->2->6->11->12
0 12 3.54397 0->1->4->9->5->6->11->12
0 12 3.58973 0->9->5->2->11->12
0 12 3.66891 0->2->4->1->6->11->12
0 12 3.66891 0->2->3->9->6->11->12
0 12 3.66891 0->2->4->1->5->6->12
0 12 3.66891 0->2->3->9->5->6->12
0 12 3.66891 0->1->3->9->6->11->5->12
0 12 3.66891 0->1->3->9->5->2->6->12
0 12 3.76582 0->5->2->4->9->6->12
0 12 3.845 0->1->5->2->4->9->6->12
0 12 3.845 0->2->4->9->5->6->11->12
0 12 3.845 0->1->4->9->5->2->6->11->12
0 12 3.845 0->2->4->1->3->9->6->12
0 12 3.845 0->1->3->9->5->2->11->12
0 12 3.89075 0->9->5->6->11->12
0 12 3.96994 0->1->6->11->5->2->12
0 12 3.96994 0->2->4->1->6->11->5->12
0 12 3.96994 0->2->3->9->6->11->5->12
0 12 4.02109 0->2->4->1->3->9->5->11->12
0 12 4.14603 0->1->3->9->5->6->11->12
0 12 4.19178 0->9->5->2->6->11->12
0 12 4.32212 0->1->4->9->6->11->5->2->12
0 12 4.36788 0->5->2->4->1->6->12
0 12 4.36788 0->5->2->3->9->6->12
0 12 4.44706 0->2->4->1->5->6->11->12
0 12 4.44706 0->2->3->9->5->6->11->12
0 12 4.44706 0->1->3->9->5->2->6->11->12
0 12 4.44706 0->1->5->2->3->9->6->12
0 12 4.54397 0->5->2->4->9->6->11->12
0 12 4.62315 0->1->5->2->4->9->6->11->12
0 12 4.62315 0->2->4->1->3->9->6->11->12
0 12 4.62315 0->2->4->1->3->9->5->6->12
0 12 4.66891 0->9->6->11->5->2->12
0 12 4.92418 0->1->3->9->6->11->5->2->12
0 12 4.92418 0->2->4->1->3->9->6->11->5->12
0 12 5.14603 0->9->5->2->4->1->6->12
0 12 5.14603 0->5->2->4->1->6->11->12
0 12 5.14603 0->5->2->3->9->6->11->12
0 12 5.22521 0->1->5->2->3->9->6->11->12
0 12 5.32212 0->5->2->4->1->3->9->6->12
0 12 5.4013 0->2->4->1->3->9->5->6->11->12
0 12 5.92418 0->9->5->2->4->1->6->11->12
0 12 6.10027 0->5->2->4->1->3->9->6->11->12
0 7 0.431363 0->1->3->7
0 7 0.732393 0->2->3->7
0 7 1.03342 0->1->4->7
0 7 1.15836 0->2->6->7
0 7 1.33445 0->2->4->7
0 7 1.63548 0->1->6->7
0 7 1.68664 0->2->4->1->3->7
0 7 1.93651 0->2->5->6->7
0 7 1.98767 0->1->4->9->6->7
0 7 2.20951 0->5->2->3->7
0 7 2.2887 0->1->5->2->3->7
0 7 2.2887 0->2->4->9->6->7
0 7 2.33445 0->5->6->7
0 7 2.33445 0->9->6->7
0 7 2.41363 0->1->5->6->7
0 7 2.58973 0->1->3->9->6->7
0 7 2.63548 0->5->2->6->7
0 7 2.64088 0->1->4->9->5->2->3->7
0 7 2.71466 0->1->5->2->6->7
0 7 2.76582 0->1->4->9->5->6->7
0 7 2.81157 0->5->2->4->7
0 7 2.89076 0->2->11->5->6->7
0 7 2.89076 0->2->3->9->6->7
0 7 2.89076 0->2->4->1->6->7
0 7 2.89076 0->1->5->2->4->7
0 7 2.98767 0->9->5->2->3->7
0 7 3.06685 0->2->4->9->5->6->7
0 7 3.06685 0->1->4->9->5->2->6->7
0 7 3.1126 0->9->5->6->7
0 7 3.16376 0->5->2->4->1->3->7
0 7 3.36788 0->1->3->9->5->6->7
0 7 3.41363 0->9->5->2->6->7
0 7 3.58973 0->9->5->2->4->7
0 7 3.66891 0->2->3->9->5->6->7
0 7 3.66891 0->2->4->1->5->6->7
0 7 3.66891 0->1->3->9->5->2->6->7
0 7 3.76582 0->5->2->4->9->6->7
0 7 3.845 0->2->4->1->3->9->6->7
0 7 3.845 0->1->5->2->4->9->6->7
0 7 3.845 0->1->3->9->5->2->4->7
0 7 3.845 0->1->6->11->5->2->3->7
0 7 3.94191 0->9->5->2->4->1->3->7
0 7 4.19718 0->1->4->9->6->11->5->2->3->7
0 7 4.36788 0->5->2->3->9->6->7
0 7 4.36788 0->5->2->4->1->6->7
0 7 4.44706 0->1->5->2->3->9->6->7
0 7 4.44706 0->1->6->11->5->2->4->7
0 7 4.54397 0->9->6->11->5->2->3->7
0 7 4.62315 0->2->4->1->3->9->5->6->7
0 7 5.14603 0->9->5->2->4->1->6->7
0 7 5.14603 0->9->6->11->5->2->4->7
0 7 5.32212 0->5->2->4->1->3->9->6->7
0 7 5.4013 0->1->3->9->6->11->5->2->4->7
0 7 5.49821 0->9->6->11->5->2->4->1->3->7
0 8 0.334453 0->1->3->8
0 8 0.635483 0->2->3->8
0 8 1.03342 0->1->4->8
0 8 1.33445 0->2->4->8
0 8 1.58973 0->2->4->1->3->8
0 8 2.1126 0->5->2->3->8
0 8 2.19179 0->1->5->2->3->8
0 8 2.54397 0->1->4->9->5->2->3->8
0 8 2.81157 0->5->2->4->8
0 8 2.89076 0->9->5->2->3->8
0 8 2.89076 0->1->5->2->4->8
0 8 3.06685 0->5->2->4->1->3->8
0 8 3.58973 0->9->5->2->4->8
0 8 3.74809 0->1->6->11->5->2->3->8
0 8 3.845 0->9->5->2->4->1->3->8
0 8 3.845 0->1->3->9->5->2->4->8
0 8 4.10027 0->1->4->9->6->11->5->2->3->8
0 8 4.44706 0->1->6->11->5->2->4->8
0 8 4.44706 0->9->6->11->5->2->3->8
0 8 5.14603 0->9->6->11->5->2->4->8
0 8 5.4013 0->1->3->9->6->11->5->2->4->8
0 8 5.4013 0->9->6->11->5->2->4->1->3->8
0 10 0.334453 0->1->4->10
0 10 0.635483 0->2->4->10
0 10 1.03342 0->1->3->10
0 10 1.33445 0->2->3->10
0 10 2.1126 0->5->2->4->10
0 10 2.19179 0->1->5->2->4->10
0 10 2.2887 0->2->4->1->3->10
0 10 2.81157 0->5->2->3->10
0 10 2.89076 0->9->5->2->4->10
0 10 2.89076 0->1->5->2->3->10
0 10 3.14603 0->1->3->9->5->2->4->10
0 10 3.24294 0->1->4->9->5->2->3->10
0 10 3.58973 0->9->5->2->3->10
0 10 3.74809 0->1->6->11->5->2->4->10
0 10 3.76582 0->5->2->4->1->3->10
0 10 4.44706 0->1->6->11->5->2->3->10
0 10 4.44706 0->9->6->11->5->2->4->10
0 10 4.54397 0->9->5->2->4->1->3->10
0 10 4.70233 0->1->3->9->6->11->5->2->4->10
0 10 4.79924 0->1->4->9->6->11->5->2->3->10
0 10 5.14603 0->9->6->11->5->2->3->10
0 10 6.10027 0->9->6->11->5->2->4->1->3->10
0 14 0.556302 0->2->6->14
0 14 1.03342 0->1->3->14
0 14 1.03342 0->1->6->14
0 14 1.15836 0->2->5->14
0 14 1.33445 0->2->5->6->14
0 14 1.33445 0->2->3->14
0 14 1.38561 0->1->4->9->6->14
0 14 1.5563 0->5->14
0 14 1.63548 0->1->5->14
0 14 1.68664 0->2->4->9->6->14
0 14 1.73239 0->5->6->14
0 14 1.73239 0->9->6->14
0 14 1.81157 0->1->5->6->14
0 14 1.98767 0->1->3->9->6->14
0 14 1.98767 0->1->4->9->5->14
0 14 2.03342 0->5->2->6->14
0 14 2.1126 0->2->11->5->14
0 14 2.1126 0->1->5->2->6->14
0 14 2.16376 0->1->4->9->5->6->14
0 14 2.2887 0->2->3->9->6->14
0 14 2.2887 0->2->4->9->5->14
0 14 2.2887 0->2->4->1->3->14
0 14 2.2887 0->2->11->5->6->14
0 14 2.2887 0->2->4->1->6->14
0 14 2.33445 0->9->5->14
0 14 2.46479 0->2->4->9->5->6->14
0 14 2.46479 0->1->4->9->5->2->6->14
0 14 2.51054 0->9->5->6->14
0 14 2.58973 0->1->3->9->5->14
0 14 2.71466 0->2->6->11->5->14
0 14 2.76582 0->1->3->9->5->6->14
0 14 2.81157 0->5->2->3->14
0 14 2.81157 0->9->5->2->6->14
0 14 2.89076 0->1->5->2->3->14
0 14 2.89076 0->2->3->9->5->14
0 14 2.89076 0->2->4->1->5->14
0 14 3.06685 0->2->3->9->5->6->14
0 14 3.06685 0->2->4->1->5->6->14
0 14 3.06685 0->1->3->9->5->2->6->14
0 14 3.16376 0->5->2->4->9->6->14
0 14 3.19179 0->1->6->11->5->14
0 14 3.24294 0->2->4->1->3->9->6->14
0 14 3.24294 0->1->4->9->5->2->3->14
0 14 3.24294 0->1->5->2->4->9->6->14
0 14 3.54397 0->1->4->9->6->11->5->14
0 14 3.58973 0->9->5->2->3->14
0 14 3.76582 0->5->2->3->9->6->14
0 14 3.76582 0->5->2->4->1->3->14
0 14 3.76582 0->5->2->4->1->6->14
0 14 3.845 0->2->4->9->6->11->5->14
0 14 3.845 0->1->5->2->3->9->6->14
0 14 3.845 0->2->4->1->3->9->5->14
0 14 3.89075 0->9->6->11->5->14
0 14 4.02109 0->2->4->1->3->9->5->6->14
0 14 4.14603 0->1->3->9->6->11->5->14
0 14 4.44706 0->2->3->9->6->11->5->14
0 14 4.44706 0->2->4->1->6->11->5->14
0 14 4.44706 0->1->6->11->5->2->3->14
0 14 4.54397 0->9->5->2->4->1->6->14
0 14 4.54397 0->9->5->2->4->1->3->14
0 14 4.72006 0->5->2->4->1->3->9->6->14
0 14 4.79924 0->1->4->9->6->11->5->2->3->14
0 14 5.14603 0->9->6->11->5->2->3->14
0 14 5.4013 0->2->4->1->3->9->6->11->5->14
0 14 6.10027 0->9->6->11->5->2->4->1->3->14
0 13 0.459392 0->2->6->13
0 13 0.936513 0->1->6->13
0 13 1.15836 0->2->5->13
0 13 1.23754 0->2->5->6->13
0 13 1.2887 0->1->4->9->6->13
0 13 1.5563 0->5->13
0 13 1.58973 0->2->4->9->6->13
0 13 1.63548 0->5->6->13
0 13 1.63548 0->9->6->13
0 13 1.63548 0->1->5->13
0 13 1.71466 0->1->5->6->13
0 13 1.89076 0->1->3->9->6->13
0 13 1.93651 0->5->2->6->13
0 13 1.98767 0->1->4->9->5->13
0 13 2.01569 0->1->5->2->6->13
0 13 2.06685 0->1->4->9->5->6->13
0 13 2.1126 0->2->11->5->13
0 13 2.19179 0->2->4->1->6->13
0 13 2.19179 0->2->3->9->6->13
0 13 2.19179 0->2->11->5->6->13
0 13 2.2887 0->2->4->9->5->13
0 13 2.33445 0->9->5->13
0 13 2.36788 0->1->4->9->5->2->6->13
0 13 2.36788 0->2->4->9->5->6->13
0 13 2.41363 0->9->5->6->13
0 13 2.58973 0->1->3->9->5->13
0 13 2.66891 0->1->3->9->5->6->13
0 13 2.71466 0->2->6->11->5->13
0 13 2.71466 0->9->5->2->6->13
0 13 2.89076 0->2->4->1->5->13
0 13 2.89076 0->2->3->9->5->13
0 13 2.96994 0->1->3->9->5->2->6->13
0 13 2.96994 0->2->4->1->5->6->13
0 13 2.96994 0->2->3->9->5->6->13
0 13 3.06685 0->5->2->4->9->6->13
0 13 3.14603 0->1->5->2->4->9->6->13
0 13 3.14603 0->2->4->1->3->9->6->13
0 13 3.19179 0->1->6->11->5->13
0 13 3.54397 0->1->4->9->6->11->5->13
0 13 3.66891 0->5->2->4->1->6->13
0 13 3.66891 0->5->2->3->9->6->13
0 13 3.74809 0->1->5->2->3->9->6->13
0 13 3.845 0->2->4->9->6->11->5->13
0 13 3.845 0->2->4->1->3->9->5->13
0 13 3.89075 0->9->6->11->5->13
0 13 3.92418 0->2->4->1->3->9->5->6->13
0 13 4.14603 0->1->3->9->6->11->5->13
0 13 4.44706 0->2->4->1->6->11->5->13
0 13 4.44706 0->2->3->9->6->11->5->13
0 13 4.44706 0->9->5->2->4->1->6->13
0 13 4.62315 0->5->2->4->1->3->9->6->13
0 13 5.4013 0->2->4->1->3->9->6->11->5->13
1 2 1.5563 1->5->2
1 2 1.90848 1->4->9->5->2
1 2 2.51054 1->3->9->5->2
1 2 3.1126 1->6->11->5->2
1 2 3.46479 1->4->9->6->11->5->2
1 2 4.06685 1->3->9->6->11->5->2
1 5 0.778151 1->5
1 5 1.13033 1->4->9->5
1 5 1.73239 1->3->9->5
1 5 2.33445 1->6->11->5
1 5 2.68663 1->4->9->6->11->5
1 5 3.28869 1->3->9->6->11->5
1 9 0.352182 1->4->9
1 9 0.954242 1->3->9
1 9 2.20951 1->5->2->4->9
1 9 2.81157 1->5->2->3->9
1 9 3.76582 1->6->11->5->2->4->9
1 9 4.36788 1->6->11->5->2->3->9
1 3 0.176091 1->3
1 3 2.03342 1->5->2->3
1 3 2.3856 1->4->9->5->2->3
1 3 3.58973 1->6->11->5->2->3
1 3 3.94191 1->4->9->6->11->5->2->3
1 4 0.176091 1->4
1 4 2.03342 1->5->2->4
1 4 2.98767 1->3->9->5->2->4
1 4 3.58973 1->6->11->5->2->4
1 4 4.54397 1->3->9->6->11->5->2->4
1 6 0.778151 1->6
1 6 1.13033 1->4->9->6
1 6 1.5563 1->5->6
1 6 1.73239 1->3->9->6
1 6 1.85733 1->5->2->6
1 6 1.90848 1->4->9->5->6
1 6 2.20951 1->4->9->5->2->6
1 6 2.51054 1->3->9->5->6
1 6 2.81157 1->3->9->5->2->6
1 6 2.98767 1->5->2->4->9->6
1 6 3.58973 1->5->2->3->9->6
1 11 0.954242 1->5->11
1 11 1.30642 1->4->9->5->11
1 11 1.5563 1->6->11
1 11 1.90848 1->4->9->6->11
1 11 1.90848 1->3->9->5->11
1 11 2.03342 1->5->2->11
1 11 2.33445 1->5->6->11
1 11 2.3856 1->4->9->5->2->11
1 11 2.51054 1->3->9->6->11
1 11 2.63548 1->5->2->6->11
1 11 2.68663 1->4->9->5->6->11
1 11 2.98767 1->3->9->5->2->11
1 11 2.98767 1->4->9->5->2->6->11
1 11 3.2887 1->3->9->5->6->11
1 11 3.58973 1->3->9->5->2->6->11
1 11 3.76582 1->5->2->4->9->6->11
1 11 4.36788 1->5->2->3->9->6->11
1 12 1.07918 1->5->12
1 12 1.43136 1->4->9->5->12
1 12 1.5563 1->6->12
1 12 1.73239 1->5->11->12
1 12 1.90848 1->4->9->6->12
1 12 2.03342 1->3->9->5->12
1 12 2.08458 1->4->9->5->11->12
1 12 2.33445 1->6->11->12
1 12 2.33445 1->5->2->12
1 12 2.33445 1->5->6->12
1 12 2.51054 1->3->9->6->12
1 12 2.63548 1->6->11->5->12
1 12 2.63548 1->5->2->6->12
1 12 2.68663 1->4->9->6->11->12
1 12 2.68663 1->3->9->5->11->12
1 12 2.68663 1->4->9->5->2->12
1 12 2.68663 1->4->9->5->6->12
1 12 2.81157 1->5->2->11->12
1 12 2.98767 1->4->9->6->11->5->12
1 12 2.98767 1->4->9->5->2->6->12
1 12 3.1126 1->5->6->11->12
1 12 3.16376 1->4->9->5->2->11->12
1 12 3.2887 1->3->9->6->11->12
1 12 3.2887 1->3->9->5->2->12
1 12 3.2887 1->3->9->5->6->12
1 12 3.41363 1->5->2->6->11->12
1 12 3.46479 1->4->9->5->6->11->12
1 12 3.58973 1->3->9->6->11->5->12
1 12 3.58973 1->3->9->5->2->6->12
1 12 3.76582 1->5->2->4->9->6->12
1 12 3.76582 1->4->9->5->2->6->11->12
1 12 3.76582 1->3->9->5->2->11->12
1 12 3.89075 1->6->11->5->2->12
1 12 4.06685 1->3->9->5->6->11->12
1 12 4.24294 1->4->9->6->11->5->2->12
1 12 4.36788 1->5->2->3->9->6->12
1 12 4.36788 1->3->9->5->2->6->11->12
1 12 4.54397 1->5->2->4->9->6->11->12
1 12 4.845 1->3->9->6->11->5->2->12
1 12 5.14603 1->5->2->3->9->6->11->12
1 7 0.352182 1->3->7
1 7 0.954242 1->4->7
1 7 1.5563 1->6->7
1 7 1.90848 1->4->9->6->7
1 7 2.20951 1->5->2->3->7
1 7 2.33445 1->5->6->7
1 7 2.51054 1->3->9->6->7
1 7 2.5617 1->4->9->5->2->3->7
1 7 2.63548 1->5->2->6->7
1 7 2.68663 1->4->9->5->6->7
1 7 2.81157 1->5->2->4->7
1 7 2.98767 1->4->9->5->2->6->7
1 7 3.28869 1->3->9->5->6->7
1 7 3.58973 1->3->9->5->2->6->7
1 7 3.76582 1->5->2->4->9->6->7
1 7 3.76582 1->3->9->5->2->4->7
1 7 3.76582 1->6->11->5->2->3->7
1 7 4.118 1->4->9->6->11->5->2->3->7
1 7 4.36788 1->5->2->3->9->6->7
1 7 4.36788 1->6->11->5->2->4->7
1 7 5.32212 1->3->9->6->11->5->2->4->7
1 8 0.255272 1->3->8
1 8 0.954242 1->4->8
1 8 2.1126 1->5->2->3->8
1 8 2.46479 1->4->9->5->2->3->8
1 8 2.81157 1->5->2->4->8
1 8 3.66891 1->6->11->5->2->3->8
1 8 3.76582 1->3->9->5->2->4->8
1 8 4.02109 1->4->9->6->11->5->2->3->8
1 8 4.36788 1->6->11->5->2->4->8
1 8 5.32212 1->3->9->6->11->5->2->4->8
1 10 0.255272 1->4->10
1 10 0.954242 1->3->10
1 10 2.1126 1->5->2->4->10
1 10 2.81157 1->5->2->3->10
1 10 3.06685 1->3->9->5->2->4->10
1 10 3.16376 1->4->9->5->2->3->10
1 10 3.66891 1->6->11->5->2->4->10
1 10 4.36788 1->6->11->5->2->3->10
1 10 4.62315 1->3->9->6->11->5->2->4->10
1 10 4.72006 1->4->9->6->11->5->2->3->10
1 14 0.954242 1->3->14
1 14 0.954242 1->6->14
1 14 1.30642 1->4->9->6->14
1 14 1.5563 1->5->14
1 14 1.73239 1->5->6->14
1 14 1.90848 1->3->9->6->14
1 14 1.90848 1->4->9->5->14
1 14 2.03342 1->5->2->6->14
1 14 2.08458 1->4->9->5->6->14
1 14 2.3856 1->4->9->5->2->6->14
1 14 2.51054 1->3->9->5->14
1 14 2.68663 1->3->9->5->6->14
1 14 2.81157 1->5->2->3->14
1 14 2.98767 1->3->9->5->2->6->14
1 14 3.1126 1->6->11->5->14
1 14 3.16376 1->4->9->5->2->3->14
1 14 3.16376 1->5->2->4->9->6->14
1 14 3.46479 1->4->9->6->11->5->14
1 14 3.76582 1->5->2->3->9->6->14
1 14 4.06685 1->3->9->6->11->5->14
1 14 4.36788 1->6->11->5->2->3->14
1 14 4.72006 1->4->9->6->11->5->2->3->14
1 13 0.857332 1->6->13
1 13 1.20951 1->4->9->6->13
1 13 1.5563 1->5->13
1 13 1.63548 1->5->6->13
1 13 1.81157 1->3->9->6->13
1 13 1.90848 1->4->9->5->13
1 13 1.93651 1->5->2->6->13
1 13 1.98767 1->4->9->5->6->13
1 13 2.2887 1->4->9->5->2->6->13
1 13 2.51054 1->3->9->5->13
1 13 2.58973 1->3->9->5->6->13
1 13 2.89076 1->3->9->5->2->6->13
1 13 3.06685 1->5->2->4->9->6->13
1 13 3.1126 1->6->11->5->13
1 13 3.46479 1->4->9->6->11->5->13
1 13 3.66891 1->5->2->3->9->6->13
1 13 4.06685 1->3->9->6->11->5->13
2 1 1.25527 2->4->1
2 5 0.30103 2->5
2 5 1.25527 2->11->5
2 5 1.43136 2->4->9->5
2 5 1.85733 2->6->11->5
2 5 2.03342 2->4->1->5
2 5 2.03342 2->3->9->5
2 5 2.98766 2->4->9->6->11->5
2 5 2.98767 2->4->1->3->9->5
2 5 3.58973 2->3->9->6->11->5
2 5 3.58973 2->4->1->6->11->5
2 5 4.54397 2->4->1->3->9->6->11->5
2 9 0.653212 2->4->9
2 9 1.25527 2->3->9
2 9 2.20951 2->4->1->3->9
2 3 0.477121 2->3
2 3 1.43136 2->4->1->3
2 4 0.477121 2->4
2 6 0.30103 2->6
2 6 1.07918 2->5->6
2 6 1.43136 2->4->9->6
2 6 2.03342 2->4->1->6
2 6 2.03342 2->3->9->6
2 6 2.03342 2->11->5->6
2 6 2.20951 2->4->9->5->6
2 6 2.81157 2->4->1->5->6
2 6 2.81157 2->3->9->5->6
2 6 2.98767 2->4->1->3->9->6
2 6 3.76582 2->4->1->3->9->5->6
2 11 0.477121 2->11
2 11 0.477121 2->5->11
2 11 1.07918 2->6->11
2 11 1.60745 2->4->9->5->11
2 11 1.85733 2->5->6->11
2 11 2.20951 2->4->9->6->11
2 11 2.20951 2->4->1->5->11
2 11 2.20951 2->3->9->5->11
2 11 2.81157 2->4->1->6->11
2 11 2.81157 2->3->9->6->11
2 11 2.98767 2->4->9->5->6->11
2 11 3.16376 2->4->1->3->9->5->11
2 11 3.58973 2->4->1->5->6->11
2 11 3.58973 2->3->9->5->6->11
2 11 3.76582 2->4->1->3->9->6->11
2 11 4.54397 2->4->1->3->9->5->6->11
2 12 0.60206 2->5->12
2 12 0.778151 2->12
2 12 1.07918 2->6->12
2 12 1.25527 2->5->11->12
2 12 1.25527 2->11->12
2 12 1.5563 2->11->5->12
2 12 1.73239 2->4->9->5->12
2 12 1.85733 2->6->11->12
2 12 1.85733 2->5->6->12
2 12 2.15836 2->6->11->5->12
2 12 2.20951 2->4->9->6->12
2 12 2.33445 2->4->1->5->12
2 12 2.33445 2->3->9->5->12
2 12 2.3856 2->4->9->5->11->12
2 12 2.63548 2->5->6->11->12
2 12 2.81157 2->11->5->6->12
2 12 2.81157 2->4->1->6->12
2 12 2.81157 2->3->9->6->12
2 12 2.98766 2->4->1->5->11->12
2 12 2.98766 2->3->9->5->11->12
2 12 2.98767 2->4->9->6->11->12
2 12 2.98767 2->4->9->5->6->12
2 12 3.2887 2->4->1->3->9->5->12
2 12 3.2887 2->4->9->6->11->5->12
2 12 3.58973 2->4->1->6->11->12
2 12 3.58973 2->3->9->6->11->12
2 12 3.58973 2->4->1->5->6->12
2 12 3.58973 2->3->9->5->6->12
2 12 3.76582 2->4->9->5->6->11->12
2 12 3.76582 2->4->1->3->9->6->12
2 12 3.89076 2->4->1->6->11->5->12
2 12 3.89076 2->3->9->6->11->5->12
2 12 3.94191 2->4->1->3->9->5->11->12
2 12 4.36788 2->4->1->5->6->11->12
2 12 4.36788 2->3->9->5->6->11->12
2 12 4.54397 2->4->1->3->9->6->11->12
2 12 4.54397 2->4->1->3->9->5->6->12
2 12 4.845 2->4->1->3->9->6->11->5->12
2 12 5.32212 2->4->1->3->9->5->6->11->12
2 7 0.653212 2->3->7
2 7 1.07918 2->6->7
2 7 1.25527 2->4->7
2 7 1.60745 2->4->1->3->7
2 7 1.85733 2->5->6->7
2 7 2.20951 2->4->9->6->7
2 7 2.81157 2->3->9->6->7
2 7 2.81157 2->11->5->6->7
2 7 2.81157 2->4->1->6->7
2 7 2.98766 2->4->9->5->6->7
2 7 3.58973 2->3->9->5->6->7
2 7 3.58973 2->4->1->5->6->7
2 7 3.76582 2->4->1->3->9->6->7
2 7 4.54397 2->4->1->3->9->5->6->7
2 8 0.556302 2->3->8
2 8 1.25527 2->4->8
2 8 1.51054 2->4->1->3->8
2 10 0.556302 2->4->10
2 10 1.25527 2->3->10
2 10 2.20951 2->4->1->3->10
2 14 0.477121 2->6->14
2 14 1.07918 2->5->14
2 14 1.25527 2->5->6->14
2 14 1.25527 2->3->14
2 14 1.60745 2->4->9->6->14
2 14 2.03342 2->11->5->14
2 14 2.20951 2->3->9->6->14
2 14 2.20951 2->4->9->5->14
2 14 2.20951 2->4->1->3->14
2 14 2.20951 2->11->5->6->14
2 14 2.20951 2->4->1->6->14
2 14 2.3856 2->4->9->5->6->14
2 14 2.63548 2->6->11->5->14
2 14 2.81157 2->3->9->5->14
2 14 2.81157 2->4->1->5->14
2 14 2.98766 2->3->9->5->6->14
2 14 2.98766 2->4->1->5->6->14
2 14 3.16376 2->4->1->3->9->6->14
2 14 3.76582 2->4->9->6->11->5->14
2 14 3.76582 2->4->1->3->9->5->14
2 14 3.94191 2->4->1->3->9->5->6->14
2 14 4.36788 2->3->9->6->11->5->14
2 14 4.36788 2->4->1->6->11->5->14
2 14 5.32212 2->4->1->3->9->6->11->5->14
2 13 0.380211 2->6->13
2 13 1.07918 2->5->13
2 13 1.15836 2->5->6->13
2 13 1.51054 2->4->9->6->13
2 13 2.03342 2->11->5->13
2 13 2.1126 2->4->1->6->13
2 13 2.1126 2->3->9->6->13
2 13 2.1126 2->11->5->6->13
2 13 2.20951 2->4->9->5->13
2 13 2.2887 2->4->9->5->6->13
2 13 2.63548 2->6->11->5->13
2 13 2.81157 2->4->1->5->13
2 13 2.81157 2->3->9->5->13
2 13 2.89076 2->4->1->5->6->13
2 13 2.89076 2->3->9->5->6->13
2 13 3.06685 2->4->1->3->9->6->13
2 13 3.76582 2->4->9->6->11->5->13
2 13 3.76582 2->4->1->3->9->5->13
2 13 3.845 2->4->1->3->9->5->6->13
2 13 4.36788 2->4->1->6->11->5->13
2 13 4.36788 2->3->9->6->11->5->13
2 13 5.32212 2->4->1->3->9->6->11->5->13
3 1 3.58972 3->9->5->2->4->1
3 1 5.14603 3->9->6->11->5->2->4->1
3 2 2.33445 3->9->5->2
3 2 3.89076 3->9->6->11->5->2
3 5 1.5563 3->9->5
3 5 3.1126 3->9->6->11->5
3 9 0.778151 3->9
3 4 2.81157 3->9->5->2->4
3 4 4.36788 3->9->6->11->5->2->4
3 6 1.5563 3->9->6
3 6 2.33445 3->9->5->6
3 6 2.63548 3->9->5->2->6
3 6 4.36788 3->9->5->2->4->1->6
3 11 1.73239 3->9->5->11
3 11 2.33445 3->9->6->11
3 11 2.81157 3->9->5->2->11
3 11 3.1126 3->9->5->6->11
3 11 3.41363 3->9->5->2->6->11
3 11 5.14603 3->9->5->2->4->1->6->11
3 12 1.85733 3->9->5->12
3 12 2.33445 3->9->6->12
3 12 2.51054 3->9->5->11->12
3 12 3.1126 3->9->6->11->12
3 12 3.1126 3->9->5->2->12
3 12 3.1126 3->9->5->6->12
3 12 3.41363 3->9->6->11->5->12
3 12 3.41363 3->9->5->2->6->12
3 12 3.58973 3->9->5->2->11->12
3 12 3.89075 3->9->5->6->11->12
3 12 4.19178 3->9->5->2->6->11->12
3 12 4.66891 3->9->6->11->5->2->12
3 12 5.14603 3->9->5->2->4->1->6->12
3 12 5.92418 3->9->5->2->4->1->6->11->12
3 7 0.176091 3->7
3 7 2.33445 3->9->6->7
3 7 3.1126 3->9->5->6->7
3 7 3.41363 3->9->5->2->6->7
3 7 3.58973 3->9->5->2->4->7
3 7 5.14603 3->9->6->11->5->2->4->7
3 7 5.14603 3->9->5->2->4->1->6->7
3 8 0.0791812 3->8
3 8 3.58973 3->9->5->2->4->8
3 8 5.14603 3->9->6->11->5->2->4->8
3 10 0.778151 3->10
3 10 2.89076 3->9->5->2->4->10
3 10 4.44706 3->9->6->11->5->2->4->10
3 14 0.778151 3->14
3 14 1.73239 3->9->6->14
3 14 2.33445 3->9->5->14
3 14 2.51054 3->9->5->6->14
3 14 2.81157 3->9->5->2->6->14
3 14 3.89075 3->9->6->11->5->14
3 14 4.54397 3->9->5->2->4->1->6->14
3 13 1.63548 3->9->6->13
3 13 2.33445 3->9->5->13
3 13 2.41363 3->9->5->6->13
3 13 2.71466 3->9->5->2->6->13
3 13 3.89075 3->9->6->11->5->13
3 13 4.44706 3->9->5->2->4->1->6->13
4 1 0.778151 4->1
4 2 1.73239 4->9->5->2
4 2 2.33445 4->1->5->2
4 2 3.28869 4->1->3->9->5->2
4 2 3.2887 4->9->6->11->5->2
4 2 3.89076 4->1->6->11->5->2
4 2 4.845 4->1->3->9->6->11->5->2
4 5 0.954242 4->9->5
4 5 1.5563 4->1->5
4 5 2.51054 4->9->6->11->5
4 5 2.51054 4->1->3->9->5
4 5 3.1126 4->1->6->11->5
4 5 4.06685 4->1->3->9->6->11->5
4 9 0.176091 4->9
4 9 1.73239 4->1->3->9
4 9 3.58973 4->1->5->2->3->9
4 9 5.14603 4->1->6->11->5->2->3->9
4 3 0.954242 4->1->3
4 3 2.20951 4->9->5->2->3
4 3 2.81157 4->1->5->2->3
4 3 3.76582 4->9->6->11->5->2->3
4 3 4.36788 4->1->6->11->5->2->3
4 6 0.954242 4->9->6
4 6 1.5563 4->1->6
4 6 1.73239 4->9->5->6
4 6 2.03342 4->9->5->2->6
4 6 2.33445 4->1->5->6
4 6 2.51054 4->1->3->9->6
4 6 2.63548 4->1->5->2->6
4 6 3.2887 4->1->3->9->5->6
4 6 3.58973 4->1->3->9->5->2->6
4 6 4.36788 4->1->5->2->3->9->6
4 11 1.13033 4->9->5->11
4 11 1.73239 4->9->6->11
4 11 1.73239 4->1->5->11
4 11 2.20951 4->9->5->2->11
4 11 2.33445 4->1->6->11
4 11 2.51054 4->9->5->6->11
4 11 2.68663 4->1->3->9->5->11
4 11 2.81157 4->1->5->2->11
4 11 2.81157 4->9->5->2->6->11
4 11 3.1126 4->1->5->6->11
4 11 3.2887 4->1->3->9->6->11
4 11 3.41363 4->1->5->2->6->11
4 11 3.76582 4->1->3->9->5->2->11
4 11 4.06685 4->1->3->9->5->6->11
4 11 4.36788 4->1->3->9->5->2->6->11
4 11 5.14603 4->1->5->2->3->9->6->11
4 12 1.25527 4->9->5->12
4 12 1.73239 4->9->6->12
4 12 1.85733 4->1->5->12
4 12 1.90848 4->9->5->11->12
4 12 2.33445 4->1->6->12
4 12 2.51054 4->9->6->11->12
4 12 2.51054 4->1->5->11->12
4 12 2.51054 4->9->5->2->12
4 12 2.51054 4->9->5->6->12
4 12 2.81157 4->1->3->9->5->12
4 12 2.81157 4->9->6->11->5->12
4 12 2.81157 4->9->5->2->6->12
4 12 2.98767 4->9->5->2->11->12
4 12 3.1126 4->1->6->11->12
4 12 3.1126 4->1->5->2->12
4 12 3.1126 4->1->5->6->12
4 12 3.2887 4->9->5->6->11->12
4 12 3.2887 4->1->3->9->6->12
4 12 3.41363 4->1->6->11->5->12
4 12 3.41363 4->1->5->2->6->12
4 12 3.46479 4->1->3->9->5->11->12
4 12 3.58973 4->9->5->2->6->11->12
4 12 3.58973 4->1->5->2->11->12
4 12 3.89075 4->1->5->6->11->12
4 12 4.06685 4->9->6->11->5->2->12
4 12 4.06685 4->1->3->9->6->11->12
4 12 4.06685 4->1->3->9->5->2->12
4 12 4.06685 4->1->3->9->5->6->12
4 12 4.19178 4->1->5->2->6->11->12
4 12 4.36788 4->1->3->9->6->11->5->12
4 12 4.36788 4->1->3->9->5->2->6->12
4 12 4.54397 4->1->3->9->5->2->11->12
4 12 4.66891 4->1->6->11->5->2->12
4 12 4.845 4->1->3->9->5->6->11->12
4 12 5.14603 4->1->5->2->3->9->6->12
4 12 5.14603 4->1->3->9->5->2->6->11->12
4 12 5.62315 4->1->3->9->6->11->5->2->12
4 12 5.92418 4->1->5->2->3->9->6->11->12
4 7 0.778151 4->7
4 7 1.13033 4->1->3->7
4 7 1.73239 4->9->6->7
4 7 2.33445 4->1->6->7
4 7 2.38561 4->9->5->2->3->7
4 7 2.51054 4->9->5->6->7
4 7 2.81157 4->9->5->2->6->7
4 7 2.98767 4->1->5->2->3->7
4 7 3.1126 4->1->5->6->7
4 7 3.28869 4->1->3->9->6->7
4 7 3.41363 4->1->5->2->6->7
4 7 3.94191 4->9->6->11->5->2->3->7
4 7 4.06685 4->1->3->9->5->6->7
4 7 4.36788 4->1->3->9->5->2->6->7
4 7 4.54397 4->1->6->11->5->2->3->7
4 7 5.14603 4->1->5->2->3->9->6->7
4 8 0.778151 4->8
4 8 1.03342 4->1->3->8
4 8 2.2887 4->9->5->2->3->8
4 8 2.89076 4->1->5->2->3->8
4 8 3.845 4->9->6->11->5->2->3->8
4 8 4.44706 4->1->6->11->5->2->3->8
4 10 0.0791812 4->10
4 10 1.73239 4->1->3->10
4 10 2.98767 4->9->5->2->3->10
4 10 3.58973 4->1->5->2->3->10
4 10 4.54397 4->9->6->11->5->2->3->10
4 10 5.14603 4->1->6->11->5->2->3->10
4 14 1.13033 4->9->6->14
4 14 1.73239 4->9->5->14
4 14 1.73239 4->1->3->14
4 14 1.73239 4->1->6->14
4 14 1.90848 4->9->5->6->14
4 14 2.20951 4->9->5->2->6->14
4 14 2.33445 4->1->5->14
4 14 2.51054 4->1->5->6->14
4 14 2.68663 4->1->3->9->6->14
4 14 2.81157 4->1->5->2->6->14
4 14 2.98767 4->9->5->2->3->14
4 14 3.28869 4->9->6->11->5->14
4 14 3.2887 4->1->3->9->5->14
4 14 3.46479 4->1->3->9->5->6->14
4 14 3.58973 4->1->5->2->3->14
4 14 3.76582 4->1->3->9->5->2->6->14
4 14 3.89075 4->1->6->11->5->14
4 14 4.54397 4->9->6->11->5->2->3->14
4 14 4.54397 4->1->5->2->3->9->6->14
4 14 4.845 4->1->3->9->6->11->5->14
4 14 5.14603 4->1->6->11->5->2->3->14
4 13 1.03342 4->9->6->13
4 13 1.63548 4->1->6->13
4 13 1.73239 4->9->5->13
4 13 1.81157 4->9->5->6->13
4 13 2.1126 4->9->5->2->6->13
4 13 2.33445 4->1->5->13
4 13 2.41363 4->1->5->6->13
4 13 2.58973 4->1->3->9->6->13
4 13 2.71466 4->1->5->2->6->13
4 13 3.28869 4->9->6->11->5->13
4 13 3.2887 4->1->3->9->5->13
4 13 3.36788 4->1->3->9->5->6->13
4 13 3.66891 4->1->3->9->5->2->6->13
4 13 3.89075 4->1->6->11->5->13
4 13 4.44706 4->1->5->2->3->9->6->13
4 13 4.845 4->1->3->9->6->11->5->13
5 1 2.03342 5->2->4->1
5 2 0.778151 5->2
5 9 1.43136 5->2->4->9
5 9 2.03342 5->2->3->9
5 9 2.98767 5->2->4->1->3->9
5 3 1.25527 5->2->3
5 3 2.20951 5->2->4->1->3
5 4 1.25527 5->2->4
5 6 0.778151 5->6
5 6 1.07918 5->2->6
5 6 2.20951 5->2->4->9->6
5 6 2.81157 5->2->4->1->6
5 6 2.81157 5->2->3->9->6
5 6 3.76582 5->2->4->1->3->9->6
5 11 0.176091 5->11
5 11 1.25527 5->2->11
5 11 1.5563 5->6->11
5 11 1.85733 5->2->6->11
5 11 2.98766 5->2->4->9->6->11
5 11 3.58972 5->2->3->9->6->11
5 11 3.58973 5->2->4->1->6->11
5 11 4.54397 5->2->4->1->3->9->6->11
5 12 0.30103 5->12
5 12 0.954242 5->11->12
5 12 1.5563 5->2->12
5 12 1.5563 5->6->12
5 12 1.85733 5->2->6->12
5 12 2.03342 5->2->11->12
5 12 2.33445 5->6->11->12
5 12 2.63548 5->2->6->11->12
5 12 2.98766 5->2->4->9->6->12
5 12 3.58972 5->2->3->9->6->12
5 12 3.58973 5->2->4->1->6->12
5 12 3.76582 5->2->4->9->6->11->12
5 12 4.36788 5->2->3->9->6->11->12
5 12 4.36788 5->2->4->1->6->11->12
5 12 4.54397 5->2->4->1->3->9->6->12
5 12 5.32212 5->2->4->1->3->9->6->11->12
5 7 1.43136 5->2->3->7
5 7 1.5563 5->6->7
5 7 1.85733 5->2->6->7
5 7 2.03342 5->2->4->7
5 7 2.3856 5->2->4->1->3->7
5 7 2.98767 5->2->4->9->6->7
5 7 3.58973 5->2->3->9->6->7
5 7 3.58973 5->2->4->1->6->7
5 7 4.54397 5->2->4->1->3->9->6->7
5 8 1.33445 5->2->3->8
5 8 2.03342 5->2->4->8
5 8 2.2887 5->2->4->1->3->8
5 10 1.33445 5->2->4->10
5 10 2.03342 5->2->3->10
5 10 2.98767 5->2->4->1->3->10
5 14 0.778151 5->14
5 14 0.954242 5->6->14
5 14 1.25527 5->2->6->14
5 14 2.03342 5->2->3->14
5 14 2.3856 5->2->4->9->6->14
5 14 2.98767 5->2->3->9->6->14
5 14 2.98767 5->2->4->1->3->14
5 14 2.98766 5->2->4->1->6->14
5 14 3.94191 5->2->4->1->3->9->6->14
5 13 0.778151 5->13
5 13 0.857332 5->6->13
5 13 1.15836 5->2->6->13
5 13 2.2887 5->2->4->9->6->13
5 13 2.89076 5->2->4->1->6->13
5 13 2.89076 5->2->3->9->6->13
5 13 3.845 5->2->4->1->3->9->6->13
6 1 3.58972 6->11->5->2->4->1
6 2 2.33445 6->11->5->2
6 5 1.5563 6->11->5
6 9 2.98766 6->11->5->2->4->9
6 9 3.58973 6->11->5->2->3->9
6 9 4.54397 6->11->5->2->4->1->3->9
6 3 2.81157 6->11->5->2->3
6 3 3.76582 6->11->5->2->4->1->3
6 4 2.81157 6->11->5->2->4
6 11 0.778151 6->11
6 12 0.778151 6->12
6 12 1.5563 6->11->12
6 12 1.85733 6->11->5->12
6 12 3.1126 6->11->5->2->12
6 7 0.778151 6->7
6 7 2.98767 6->11->5->2->3->7
6 7 3.58973 6->11->5->2->4->7
6 7 3.94191 6->11->5->2->4->1->3->7
6 8 2.89076 6->11->5->2->3->8
6 8 3.58973 6->11->5->2->4->8
6 8 3.845 6->11->5->2->4->1->3->8
6 10 2.89076 6->11->5->2->4->10
6 10 3.58973 6->11->5->2->3->10
6 10 4.54397 6->11->5->2->4->1->3->10
6 14 0.176091 6->14
6 14 2.33445 6->11->5->14
6 14 3.58973 6->11->5->2->3->14
6 14 4.54397 6->11->5->2->4->1->3->14
6 13 0.0791812 6->13
6 13 2.33445 6->11->5->13
9 1 2.81157 9->5->2->4->1
9 1 4.36788 9->6->11->5->2->4->1
9 2 1.5563 9->5->2
9 2 3.1126 9->6->11->5->2
9 5 0.778151 9->5
9 5 2.33445 9->6->11->5
9 3 2.03342 9->5->2->3
9 3 2.98767 9->5->2->4->1->3
9 3 3.58973 9->6->11->5->2->3
9 3 4.54397 9->6->11->5->2->4->1->3
9 4 2.03342 9->5->2->4
9 4 3.58973 9->6->11->5->2->4
9 6 0.778151 9->6
9 6 1.5563 9->5->6
9 6 1.85733 9->5->2->6
9 6 3.58973 9->5->2->4->1->6
9 11 0.954242 9->5->11
9 11 1.5563 9->6->11
9 11 2.03342 9->5->2->11
9 11 2.33445 9->5->6->11
9 11 2.63548 9->5->2->6->11
9 11 4.36788 9->5->2->4->1->6->11
9 12 1.07918 9->5->12
9 12 1.5563 9->6->12
9 12 1.73239 9->5->11->12
9 12 2.33445 9->6->11->12
9 12 2.33445 9->5->2->12
9 12 2.33445 9->5->6->12
9 12 2.63548 9->6->11->5->12
9 12 2.63548 9->5->2->6->12
9 12 2.81157 9->5->2->11->12
9 12 3.1126 9->5->6->11->12
9 12 3.41363 9->5->2->6->11->12
9 12 3.89075 9->6->11->5->2->12
9 12 4.36788 9->5->2->4->1->6->12
9 12 5.14603 9->5->2->4->1->6->11->12
9 7 1.5563 9->6->7
9 7 2.20951 9->5->2->3->7
9 7 2.33445 9->5->6->7
9 7 2.63548 9->5->2->6->7
9 7 2.81157 9->5->2->4->7
9 7 3.16376 9->5->2->4->1->3->7
9 7 3.76582 9->6->11->5->2->3->7
9 7 4.36788 9->5->2->4->1->6->7
9 7 4.36788 9->6->11->5->2->4->7
9 7 4.72006 9->6->11->5->2->4->1->3->7
9 8 2.1126 9->5->2->3->8
9 8 2.81157 9->5->2->4->8
9 8 3.06685 9->5->2->4->1->3->8
9 8 3.66891 9->6->11->5->2->3->8
9 8 4.36788 9->6->11->5->2->4->8
9 8 4.62315 9->6->11->5->2->4->1->3->8
9 10 2.1126 9->5->2->4->10
9 10 2.81157 9->5->2->3->10
9 10 3.66891 9->6->11->5->2->4->10
9 10 3.76582 9->5->2->4->1->3->10
9 10 4.36788 9->6->11->5->2->3->10
9 10 5.32212 9->6->11->5->2->4->1->3->10
9 14 0.954242 9->6->14
9 14 1.5563 9->5->14
9 14 1.73239 9->5->6->14
9 14 2.03342 9->5->2->6->14
9 14 2.81157 9->5->2->3->14
9 14 3.1126 9->6->11->5->14
9 14 3.76582 9->5->2->4->1->6->14
9 14 3.76582 9->5->2->4->1->3->14
9 14 4.36788 9->6->11->5->2->3->14
9 14 5.32212 9->6->11->5->2->4->1->3->14
9 13 0.857332 9->6->13
9 13 1.5563 9->5->13
9 13 1.63548 9->5->6->13
9 13 1.93651 9->5->2->6->13
9 13 3.1126 9->6->11->5->13
9 13 3.66891 9->5->2->4->1->6->13
11 1 2.81157 11->5->2->4->1
11 2 1.5563 11->5->2
11 5 0.778151 11->5
11 9 2.20951 11->5->2->4->9
11 9 2.81157 11->5->2->3->9
11 9 3.76582 11->5->2->4->1->3->9
11 3 2.03342 11->5->2->3
11 3 2.98767 11->5->2->4->1->3
11 4 2.03342 11->5->2->4
11 6 1.5563 11->5->6
11 6 1.85733 11->5->2->6
11 6 2.98767 11->5->2->4->9->6
11 6 3.58973 11->5->2->4->1->6
11 6 3.58973 11->5->2->3->9->6
11 6 4.54397 11->5->2->4->1->3->9->6
11 12 0.778151 11->12
11 12 1.07918 11->5->12
11 12 2.33445 11->5->2->12
11 12 2.33445 11->5->6->12
11 12 2.63548 11->5->2->6->12
11 12 3.76582 11->5->2->4->9->6->12
11 12 4.36788 11->5->2->4->1->6->12
11 12 4.36788 11->5->2->3->9->6->12
11 12 5.32212 11->5->2->4->1->3->9->6->12
11 7 2.20951 11->5->2->3->7
11 7 2.33445 11->5->6->7
11 7 2.63548 11->5->2->6->7
11 7 2.81157 11->5->2->4->7
11 7 3.16376 11->5->2->4->1->3->7
11 7 3.76582 11->5->2->4->9->6->7
11 7 4.36788 11->5->2->3->9->6->7
11 7 4.36788 11->5->2->4->1->6->7
11 7 5.32212 11->5->2->4->1->3->9->6->7
11 8 2.1126 11->5->2->3->8
11 8 2.81157 11->5->2->4->8
11 8 3.06685 11->5->2->4->1->3->8
11 10 2.1126 11->5->2->4->10
11 10 2.81157 11->5->2->3->10
11 10 3.76582 11->5->2->4->1->3->10
11 14 1.5563 11->5->14
11 14 1.73239 11->5->6->14
11 14 2.03342 11->5->2->6->14
11 14 2.81157 11->5->2->3->14
11 14 3.16376 11->5->2->4->9->6->14
11 14 3.76582 11->5->2->3->9->6->14
11 14 3.76582 11->5->2->4->1->3->14
11 14 3.76582 11->5->2->4->1->6->14
11 14 4.72006 11->5->2->4->1->3->9->6->14
11 13 1.5563 11->5->13
11 13 1.63548 11->5->6->13
11 13 1.93651 11->5->2->6->13
11 13 3.06685 11->5->2->4->9->6->13
11 13 3.66891 11->5->2->4->1->6->13
11 13 3.66891 11->5->2->3->9->6->13
11 13 4.62315 11->5->2->4->1->3->9->6->13
